   0.0000000000000000     
   1.6674891253728674E-002
   3.3353422727273596E-002
   5.0039237812370629E-002
   6.6735986249881307E-002
   8.3447327319206011E-002
  0.10017693304530439     
  0.11692849142912110     
  0.13370570970786844     
  0.15051231765113471     
  0.16735207089894288     
  0.18422875434823993     
  0.20114618559458108     
  0.21810821843524764     
  0.23511874644128739     
  0.25218170660519945     
  0.26930108307170997     
  0.28648091095971040     
  0.30372528028270551     
  0.32103833997663855     
  0.33842430204332175     
  0.35588744581903597     
  0.37343212237725254     
  0.39106275907573718     
  0.40878386425853819     
  0.42660003212384368     
  0.44451594776914760     
  0.46253639242614497     
  0.48066624889850118     
  0.49891050721561214     
  0.51727427051761765     
  0.53576276118641886     
  0.55438132723958233     
  0.57313544900395641     
  0.59203074608805650     
  0.61107298467243254     
  0.63026808513929211     
  0.64962213006350567     
  0.66914137258922324     
  0.68883224521715647     
  0.70870136903042180     
  0.72875556338762237     
  0.74900185611477355     
  0.76944749422969494     
  0.79009995523463772     
  0.81096695901615590     
  0.83205648039350422     
  0.85337676236052573     
  0.87493633006897653     
  0.89674400560537038     
  0.91880892361697875     
  0.94114054784768086     
  0.96374868864845098     
  0.98664352153318191     
   1.0098356068559013     
   1.0333359106918181     
   1.0571558270117123     
   1.0813072012461902     
   1.1058023553454461     
   1.1306541144483049     
   1.1558758352849452     
   1.1814814364484363     
   1.2074854306822402     
   1.2339029593441069     
   1.2607498292215382     
   1.2880425518901149     
   1.3157983858236406     
   1.3440353814854689     
   1.3727724296510075     
   1.4020293132375201     
   1.4318267629420802     
   1.4621865170205979     
   1.4931313855724966     
   1.5246853197336634     
   1.5568734862215763     
   1.5897223477222724     
   1.6232597496612158     
   1.6575150139575214     
   1.6925190404266743     
   1.7283044165684487     
   1.7649055365611588     
   1.8023587303732000     
   1.8407024040097184     
   1.8799771920280648     
   1.9202261235910782     
   1.9614948034771515     
   2.0038316096390929     
   2.0472879090987988     
   2.0919182941881900     
   2.1377808414013657     
   2.1849373954147779     
   2.2334538811655875     
   2.2834006472630790     
   2.3348528444495003     
   2.3878908433359527     
   2.4426006962290501     
   2.4990746485461273     
   2.5574117061101731     
   2.6177182655386417     
   2.6801088160178779     
   2.7447067220149108     
   2.8116450979580350     
   2.8810677876555673     
   2.9531304632746753     
   3.0280018611280184     
   3.1058651743944949     
   3.1869196263259880     
   3.2713822515804907     
   3.3594899182175482     
   3.4515016287749916     
   3.5477011459373387     
   3.6483999968858427     
   3.7539409208382466     
   3.8647018369818653     
   3.9811004255370221     
   4.1035994337645434     
   4.2327128422557792     
   4.3690130559729141     
   4.5131393207236385     
   4.6658076109786748     
   4.8278222916487437     
   5.0000899278555266     
   5.1836357070519909     
   5.3796230525525459     
   5.5893771537817685     
   5.8144133257060844     
   6.0564713501964604     
   6.3175572613558870     
   6.5999944355918529     
   6.9064863613655376     
   7.2401941251699498     
   7.6048324971488910     
   8.0047895723665761     
   8.4452762565087980     
   8.9325134847572372     
   9.4739668620060939     
   10.078640168819575     
   10.757440267699593     
   11.523624955767318     
   12.393339247844693     
   13.386228390528132     
   14.526075970831592     
   15.841331831235763     
   17.365233344466787     
   19.134942354145565     
   21.188702004131358     
   23.559588083191031     
   26.264505256479794     
   29.288793371245035     
   32.571264656752007     
   36.000000000000071     
